Question 6:


A)   (121)base 10 to base2
      x121  60  30  15  7  3  1
      r 1    0   0   1  1  1  1
      
      Answer: 1111001
      
B)    1537 to base2

  x  1537 768 384 192 96  48  24  12  6 3 1
  r   1    0    0   0  0   0   0   0  0 1 1
  
  Answer: 11000000001
  
  
  C)31333
  
    X   31333 15666 7833 3916 1958  979 489 244 122 61  30  15  7 3 1
    R     1     0    1    0    0     1   1    0  0   1   0   1  1 1 1
    
    Answer: 111101001100101
    
    
D) 97
  X  97 48  24  12  6 3 1
  R  1  0    0   0  0 1 1
  
  Answer: 1100001
  
